# DATE: 2022-15-2022  UNITS: lj


WCA
N 1000 R 0.3 1.3

1 0.3 7521219.724182045 300958488.3364289
2 0.30100100100100097 7226394.399227965 288201669.91752815
3 0.302002002002002 6944045.769073365 276025226.80376464
4 0.303003003003003 6673607.115197653 264400961.63780114
5 0.304004004004004 6414539.208823101 253302133.59178233
6 0.305005005005005 6166328.893203349 242703378.6871628
7 0.30600600600600597 5928487.743345022 232580634.71500167
8 0.307007007007007 5700550.798699121 222911070.47726405
9 0.308008008008008 5482075.364629135 213673019.08746558
10 0.309009009009009 5272639.878716283 204845915.08562073
11 0.31001001001001 5071842.838200264 196410235.13799646
12 0.311011011011011 4879301.785075449 188347442.10663068
13 0.312012012012012 4694652.345571715 180639932.2871425
14 0.313013013013013 4517547.320943779 173270985.6259788
15 0.314014014014014 4347655.826676131 166224718.74005887
16 0.315015015015015 4184662.477382595 159486040.57283193
17 0.31601601601601603 4028266.6148398467 153040610.53105086
18 0.317017017017017 3878181.5767459422 146874798.9562479
19 0.318018018018018 3734134.003935756 140975649.79388228
20 0.319019019019019 3595863.183918775 135330845.33160025
21 0.32002002002002 3463120.4287289823 129928672.88591933
22 0.32102102102102104 3335668.4851936926 124757993.3240418
23 0.322022022022022 3213280.9758383436 119808211.3144221
24 0.323023023023023 3095741.868747093 115069247.20617144
25 0.324024024024024 2982844.9747963785 110531510.44345587
26 0.325025025025025 2874393.4707694193 106185874.42670883
27 0.32602602602602604 2770199.446945255 102023652.73779778
28 0.327027027027027 2670083.477836544 98036576.65127085
29 0.328028028028028 2573874.2148255436 94216773.85846123
30 0.32902902902902903 2481407.9995192154 90556748.33561972
31 0.33003003003003 2392528.4967109333 87049361.29133269
32 0.33103103103103104 2307086.3458991363 83687813.13232931
33 0.332032032032032 2224938.830372662 80465626.39039676
34 0.333033033033033 2145949.5629277397 77376629.55649003
35 0.33403403403403403 2069988.1873343778 74414941.77131085
36 0.335035035035035 1996930.094718824 71574958.32459548
37 0.33603603603603605 1926656.1540753404 68851336.91815223
38 0.337037037037037 1859052.456164271 66238984.65031528
39 0.338038038038038 1794010.0700942476 63733045.68193445
40 0.33903903903903904 1731424.8119254834 61328889.54634711
41 0.34004004004004 1671197.024667291 59022100.06793964
42 0.34104104104104105 1613231.369077518 56808464.85595287
43 0.342042042042042 1557436.6247040017 54683965.342103615
44 0.343043043043043 1503725.5006385797 52644767.332392804
45 0.34404404404404404 1452014.4554831502 50687212.04517049
46 0.345045045045045 1402223.5260543122 48807807.609116085
47 0.34604604604604605 1354276.164378754 47003220.99629138
48 0.34704704704704703 1308099.0825557574 45270270.3668335
49 0.348048048048048 1263622.1050859035 43605917.80317772
50 0.34904904904904904 1220778.0282866322 42007262.41294821
51 0.35005005005005 1179502.4864355659 40471533.78082736
52 0.35105105105105106 1139733.8243016144 38996085.75081563
53 0.35205205205205203 1101412.97574209 37578390.521338485
54 0.353053053053053 1064483.3480609553 36216033.036628045
55 0.35405405405405405 1028890.7118396099 34906705.65873491
56 0.355055055055055 994583.0959667318 33648203.10538809
57 0.35605605605605606 961510.6876081125 32438417.639740467
58 0.35705705705705704 929625.7368710613 31275334.498808034
59 0.358058058058058 898882.465930662 30157027.54813236
60 0.35905905905905905 869236.9823974797 29081655.15088541
61 0.36006006006006 840647.1967176149 28047456.240274396
62 0.36106106106106106 813072.7434069524 27052746.584715344
63 0.36206206206206204 786474.9059316783 26095915.2358162
64 0.363063063063063 760816.5450568247 25175421.149749763
65 0.36406406406406405 736062.0304937632 24289789.973106064
66 0.3650650650650651 712177.1756863013 23437610.984796528
67 0.36606606606606606 689129.1755831544 22617534.186032306
68 0.36706706706706704 666886.5472524129 21828267.530830264
69 0.368068068068068 645419.0732009421 21068574.289902415
70 0.36906906906906906 624697.7472686083 20337270.541166194
71 0.3700700700700701 604694.7229738112 19633222.780472513
72 0.37107107107107107 585383.2641930602 18955345.64648933
73 0.37207207207207205 566737.6980632109 18302599.753998496
74 0.3730730730730731 548733.3700006 17673989.63016769
75 0.37407407407407406 531346.6007365912 17068561.74864484
76 0.3750750750750751 514554.6452740807 16485402.656593751
77 0.37607607607607607 498335.6536742698 15923637.190045103
78 0.37707707707707705 482668.63358750107 15382426.773178548
79 0.3780780780780781 467533.4144462561 14860967.797380578
80 0.37907907907907906 452910.61324244225 14358490.076138452
81 0.3800800800800801 438781.60181493434 13874255.372034593
82 0.3810810810810811 425128.47557700676 13407555.992299901
83 0.38208208208208205 411934.0236167044 12957713.449565867
84 0.3830830830830831 399181.7001065082 12524077.184629206
85 0.38408408408408407 386855.5969617468 12106023.348205913
86 0.3850850850850851 374940.41769015 11702953.638806209
87 0.3860860860860861 363421.45237774326 11314294.194008553
88 0.38708708708708706 352284.5537589355 10939494.532549344
89 0.3880880880880881 341516.1143211687 10578026.544776209
90 0.38908908908908907 331103.04439690284 10229383.529137252
91 0.3900900900900901 321032.7511979471 9893079.272495342
92 0.3910910910910911 311293.11874935613 9568647.172169557
93 0.39209209209209206 301872.4886821096 9255639.397709826
94 0.3930930930930931 292759.6418457618 8953626.090511704
95 0.39409409409409407 283943.7807040955 8662194.599472737
96 0.3950950950950951 275414.5124785604 8380948.75098156
97 0.3960960960960961 267161.8330059533 8109508.151616042
98 0.39709709709709706 259176.11127836796 7847507.522007138
99 0.3980980980980981 251448.07463496993 7594596.060402146
100 0.3990990990990991 243968.7945765638 7350436.834532939
101 0.4001001001001001 236729.6731752882 7114706.200463677
102 0.4011011011011011 229722.43005307176 6887093.247157845
103 0.40210210210210207 222939.0899037057 6667299.2655659765
104 0.4031031031031031 216371.9705345669 6455037.241094367
105 0.4041041041041041 210013.67140513376 6250031.368370545
106 0.4051051051051051 203857.06264049213 6052016.58727397
107 0.4061061061061061 197895.27449904452 5860738.139250783
108 0.40710710710710707 192121.6872745884 5675951.1429788275
109 0.4081081081081081 186529.92161384042 5497420.188494229
110 0.4091091091091091 181113.82923135703 5324918.948933926
111 0.4101101101101101 175867.4840046183 5158229.80908884
112 0.4111111111111111 170785.1734328438 4997143.510001559
113 0.4121121121121121 165861.39044383372 4841458.808878344
114 0.4131131131131131 161090.825533873 4690982.153621035
115 0.4141141141141141 156468.3592263843 4545527.371316728
116 0.4151151151151151 151989.0548356835 4404915.370055041
117 0.4161161161161161 147648.15152279803 4268973.853472528
118 0.4171171171171171 143441.05763089354 4137537.047452115
119 0.4181181181181181 139363.3442884225 4010445.438432669
120 0.4191191191191191 135410.73926863133 3887545.5228092666
121 0.4201201201201201 131579.12109457245 3768689.5669291024
122 0.4211211211211211 127864.51337926005 3653735.3772115204
123 0.4221221221221221 124263.07939105062 3542546.0799420797
124 0.4231231231231231 120771.11683479352 3434989.9103123182
125 0.42412412412412415 117385.05283969379 3330940.010296152
126 0.4251251251251251 114101.43914524268 3230274.2349732514
127 0.4261261261261261 110916.94747694489 3132874.9669275507
128 0.4271271271271271 107828.36510394355 3038628.9383664927
129 0.4281281281281281 104832.5905709767 2947427.060622545
130 0.42912912912912915 101926.62959744902 2859164.2607146623
131 0.43013013013013013 99107.59113669537 2773739.324661482
132 0.4311311311311311 96372.68358883617 2691054.7472528405
133 0.4321321321321321 93719.21116089466 2611016.58799907
134 0.4331331331331331 91144.57036812951 2533534.3329906147
135 0.43413413413413415 88646.24667079531 2458520.7624125853
136 0.43513513513513513 86221.81124079312 2385891.823470457
137 0.4361361361361361 83868.9178529105 2315566.508494118
138 0.4371371371371371 81585.2998955823 2247466.737998113
139 0.4381381381381381 79368.76749631662 2181517.248485821
140 0.43913913913913916 77217.20475713765 2117645.4847948286
141 0.44014014014014013 75128.56709560189 2055781.496790072
142 0.4411411411411411 73100.87868712364 1995857.8402196483
143 0.4421421421421421 71132.2300045352 1937809.4815567643
144 0.4431431431431431 69220.77545097751 1881573.7066590388
145 0.44414414414414416 67364.73108237753 1827090.0330837893
146 0.44514514514514514 65562.37241593497 1774300.1259052972
147 0.4461461461461461 63812.032321182756 1723147.71688664
148 0.4471471471471471 62112.09899033904 1673578.5268654332
149 0.44814814814814813 60461.01398479746 1625540.191218786
150 0.44914914914914916 58857.27035473993 1578982.1882788436
151 0.45015015015015014 57299.410828980945 1533855.770575936
152 0.4511511511511511 55786.02607227071 1490113.8987916252
153 0.45215215215215215 54315.75300740275 1447711.178309239
154 0.45315315315315313 52887.27319958025 1406603.7982542783
155 0.45415415415415417 51499.31130059791 1366749.4729217333
156 0.45515515515515514 50150.63355050402 1328107.3854919823
157 0.4561561561561561 48840.04633449469 1290638.1339409712
158 0.45715715715715716 47566.39479289412 1254303.6790547096
159 0.45815815815815814 46328.56148215288 1219067.2944617155
160 0.45915915915915917 45125.46508488994 1184893.5186010227
161 0.46016016016016015 43956.05916707841 1151748.1085467197
162 0.4611611611611611 42819.33098055586 1119597.995613464
163 0.46216216216216216 41714.300309111466 1088411.2426705945
164 0.46316316316316314 40640.018356477376 1058157.0030956452
165 0.4641641641641642 39595.56667461338 1028805.4813008622
166 0.46516516516516515 38580.05613074431 1000327.8947692831
167 0.46616616616616613 37592.625911669806 972696.4375395742
168 0.46716716716716716 36632.442563924385 945884.2450813646
169 0.46816816816816814 35698.699068425165 919865.3605053355
170 0.4691691691691692 34790.61394829753 894614.7020546207
171 0.47017017017017015 33907.43040862222 870108.0318263602
172 0.47117117117117113 33048.415506896556 846321.9256743483
173 0.47217217217217217 32212.85935305229 823233.7442458385
174 0.4731731731731732 31400.0743379166 800821.60510746
175 0.4741741741741742 30609.394389047946 779064.3559171167
176 0.47517517517517516 29840.17425292059 757941.5486005234
177 0.47617617617617614 29091.7888024726 737433.4144927677
178 0.47717717717717717 28363.632369069837 717520.840406892
179 0.4781781781781782 27655.11809797644 698185.3455930897
180 0.4791791791791792 26965.67732645842 679409.0595536098
181 0.48018018018018016 26294.75898367999 661174.700679887
182 0.48118118118118114 25641.82901158613 643465.5556798002
183 0.4821821821821822 25006.369805996004 626265.4597642828
184 0.4831831831831832 24387.879677162036 609558.7775637616
185 0.4841841841841842 23785.87232907784 593330.3847460911
186 0.48518518518518516 23199.876356847177 577565.6503088452
187 0.48618618618618614 22629.434761451652 562250.4195198885
188 0.4871871871871872 22074.104481280916 547370.9974812384
189 0.4881881881881882 21533.455939813906 532914.1332922352
190 0.4891891891891892 21007.07260886174 518867.0047889735
191 0.49019019019019017 20494.55058680774 505217.2038379395
192 0.49119119119119115 19995.498191300194 491952.7221626459
193 0.4921921921921922 19509.535565873808 479061.9376828945
194 0.4931931931931932 19036.29429999817 466533.6013471789
195 0.4941941941941942 18575.417062066845 454356.82443941815
196 0.49519519519519517 18126.557244863503 442521.0663420798
197 0.49619619619619615 17689.37862305558 431016.1227383671
198 0.4971971971971972 17263.555022284672 419832.1142368902
199 0.4981981981981982 16848.769999439348 408959.4754028943
200 0.4991991991991992 16444.716533710103 398388.94418071373
201 0.5002002002002002 16051.096728042914 388111.55169277
202 0.5012012012012012 15667.62152062176 378118.61240099964
203 0.5022022022022021 15294.010406023572 368401.714617129
204 0.5032032032032032 14929.991165703266 358952.71134877816
205 0.5042042042042042 14575.299607479194 349763.71146887523
206 0.5052052052052052 14229.679313700974 340827.0711963444
207 0.5062062062062062 13892.881397794403 332135.3858765173
208 0.5072072072072071 13564.664268888777 323681.48205015605
209 0.5082082082082082 13244.793404243042 315458.4098004108
210 0.5092092092092092 12933.041129198195 307459.43536746147
211 0.5102102102102102 12629.186404391947 299678.03402095835
212 0.5112112112112112 12333.014619983656 292107.88318081095
213 0.5122122122122121 12044.317396644567 284742.85577718756
214 0.5132132132132132 11762.892393078642 277577.01384097047
215 0.5142142142142142 11488.543119847702 270604.60231624445
216 0.5152152152152152 11221.078759282287 263820.04308670625
217 0.5162162162162163 10960.313991268458 257217.9292082145
218 0.5172172172172171 10706.068824707916 250793.01933998414
219 0.5182182182182182 10458.168434455569 244540.23236720392
220 0.5192192192192192 10216.443003547718 238454.64220817373
221 0.5202202202202202 9980.727570538107 232531.4727992603
222 0.5212212212212213 9750.86188176795 226766.09325127598
223 0.5222222222222221 9526.690248401475 221154.01317110998
224 0.5232232232232232 9308.061408063633 215690.878142649
225 0.5242242242242242 9094.828390924944 210372.46536131142
226 0.5252252252252252 8886.84839008084 205194.67941665553
227 0.5262262262262263 8683.982636081146 200153.5482177975
228 0.5272272272272271 8486.09627546882 195245.2190565351
229 0.5282282282282282 8293.058253192394 190465.95480326808
230 0.5292292292292292 8104.741198762289 185812.13023101457
231 0.5302302302302302 7921.021316024058 181280.22846295516
232 0.5312312312312313 7741.778276428009 176866.83753915288
233 0.5322322322322321 7566.895115677553 172568.6470982259
234 0.5332332332332332 7396.2581336432195 168382.44516991713
235 0.5342342342342342 7229.756797433793 164305.115074669
236 0.5352352352352352 7067.283647518594 160333.63242642322
237 0.5362362362362363 6908.734206800056 156465.06223504193
238 0.5372372372372373 6754.006892538396 152696.55610485503
239 0.5382382382382382 6603.002931033661 149025.34952597064
240 0.5392392392392392 6455.626274974269 145448.75925511998
241 0.5402402402402402 6311.783523363711 141964.18078291308
242 0.5412412412412413 6171.383843940646 138569.08588450632
243 0.5422422422422423 6034.338898010171 135261.02025078383
244 0.5432432432432432 5900.56276760713 132037.6011972661
245 0.5442442442442442 5769.9718849150795 128896.51544805977
246 0.5452452452452452 5642.484963867064 125835.51699225885
247 0.5462462462462463 5518.022933856853 122852.42501030029
248 0.5472472472472473 5396.508875491977 119945.12186787144
249 0.5482482482482482 5277.867958321925 117111.55117504763
250 0.5492492492492492 5162.027380477504 114349.71590842899
251 0.5502502502502502 5048.916310159299 111657.67659411943
252 0.5512512512512513 4938.4658289153995 109033.54954947288
253 0.5522522522522522 4830.6088766505545 106475.50518160305
254 0.5532532532532533 4725.280198310855 103981.76634072463
255 0.5542542542542542 4622.416292190222 101550.60672647032
256 0.5552552552552552 4521.95535980623 99180.34934537961
257 0.5562562562562563 4423.837257295189 96869.36501783477
258 0.5572572572572572 4328.003448277806 94616.0709327737
259 0.5582582582582583 4234.396958148106 92418.92924856153
260 0.5592592592592592 4142.962329740745 90276.44573848089
261 0.5602602602602602 4053.6455803322315 88187.16847932868
262 0.5612612612612613 3966.3941599339933 86149.68658168189
263 0.5622622622622622 3881.156910836235 84162.62896043678
264 0.5632632632632633 3797.8840283627082 82224.66314427005
265 0.5642642642642642 3716.5270227985548 80334.4941227343
266 0.5652652652652652 3637.038682453593 78490.86322972151
267 0.5662662662662663 3559.373037825802 76692.54706209755
268 0.5672672672672672 3483.4853268300203 74938.35643233321
269 0.5682682682682683 3409.3319610584963 73227.13535400706
270 0.5692692692692692 3336.8704930411013 71557.76005909783
271 0.5702702702702702 3266.0595844735662 69929.13804600826
272 0.5712712712712713 3196.8589753838214 68340.2071573159
273 0.5722722722722722 3129.2294542070294 66789.93468626952
274 0.5732732732732733 3063.132828740941 65277.3165110852
275 0.5742742742742742 2998.531897954417 63801.37625613608
276 0.5752752752752752 2935.3904246223756 62361.164479149375
277 0.5762762762762763 2873.6731087617823 60955.75788356609
278 0.5772772772772773 2813.3455618438193 59584.2585552408
279 0.5782782782782783 2754.3742817581888 58245.79322268718
280 0.5792792792792792 2696.726628506542 56939.512540108146
281 0.5802802802802802 2640.3708006024467 55664.590392467595
282 0.5812812812812813 2585.275812156253 54420.223221891465
283 0.5822822822822823 2531.4114706238724 53205.62937470865
284 0.5832832832832833 2478.748355199072 52020.048468463836
285 0.5842842842842842 2427.2577958296997 50862.74077826073
286 0.5852852852852852 2376.9118528387603 49732.98664181239
287 0.5862862862862863 2327.683297131903 48630.085882597734
288 0.5872872872872873 2279.545590973555 47553.357250545196
289 0.5882882882882883 2232.4728693143365 46502.137879679896
290 0.5892892892892893 2186.4399216531515 45475.7827621948
291 0.5902902902902902 2141.4221744177225 44473.66423842046
292 0.5912912912912913 2097.3956738479023 43495.17150218685
293 0.5922922922922923 2054.3370693666598 42539.71012108931
294 0.5932932932932933 2012.223597423967 41606.70157118313
295 0.5942942942942943 1971.0330657994662 40695.58278565192
296 0.5952952952952952 1930.7438383501064 39805.805717006304
297 0.5962962962962963 1891.3348201894007 38936.83691238548
298 0.5972972972972973 1852.785443285469 38088.15710154969
299 0.5982982982982983 1815.0756524652509 37259.26079716189
300 0.5992992992992993 1778.1858918129121 36449.65590697514
301 0.6003003003003002 1742.0970914506152 35658.86335754983
302 0.6013013013013013 1706.7906546903287 34886.41672914058
303 0.6023023023023023 1672.2484455456945 34131.861901403674
304 0.6033033033033033 1638.4527765932387 33394.75670958629
305 0.6043043043043044 1605.3863971726355 32674.67061087147
306 0.6053053053053052 1573.032481916048 31971.184360563482
307 0.6063063063063063 1541.3746195967258 31283.889697805014
308 0.6073073073073073 1510.396802287663 30612.389040535007
309 0.6083083083083083 1480.0834148209976 29956.295189396096
310 0.6093093093093094 1450.419224539493 29315.231040318537
311 0.6103103103103102 1421.3893713314985 28688.829305511645
312 0.6113113113113113 1392.9793579410336 28076.732242601975
313 0.6123123123123123 1365.1750405451378 27478.59139167149
314 0.6133133133133133 1337.9626195904782 26894.067319948044
315 0.6143143143143144 1311.3286308818754 26322.829373917935
316 0.6153153153153152 1285.259936915321 25764.55543863073
317 0.6163163163163163 1259.7437184483824 25218.931703976417
318 0.6173173173173173 1234.7674663012488 24685.652437724417
319 0.6183183183183183 1210.3189733815725 24164.419765114828
320 0.6193193193193194 1186.3863269268181 23654.943454805918
321 0.6203203203203203 1162.9579009577426 23156.940710982726
322 0.6213213213213213 1140.0223489369578 22670.135971440104
323 0.6223223223223223 1117.5685966267463 22194.260711460807
324 0.6233233233233233 1095.585835140312 21729.05325331109
325 0.6243243243243244 1074.0635141810194 21274.258581186194
326 0.6253253253253253 1052.9913354642144 20829.628161440727
327 0.6263263263263263 1032.359246316382 20394.919767944306
328 0.6273273273273273 1012.157433446679 19969.89731241025
329 0.6283283283283283 992.3763168858235 19554.33067954581
330 0.6293293293293294 973.0065440876797 19147.995566881487
331 0.6303303303303303 954.0389841888957 18750.67332913892
332 0.6313313313313313 935.464722422075 18362.150827000904
333 0.6323323323323323 917.2750546782362 17982.220280154244
334 0.6333333333333333 899.461482214246 17610.679124476366
335 0.6343343343343344 882.0157065012031 17247.329873243572
336 0.6353353353353353 864.9296242098003 16891.9799822418
337 0.6363363363363364 848.1953223287798 16544.441718663256
338 0.6373373373373373 831.8050734128076 16204.532033678355
339 0.6383383383383383 815.7513309560829 15872.072438573101
340 0.6393393393393394 800.026724888202 15546.888884347547
341 0.6403403403403403 784.6240571888654 15228.81164467355
342 0.6413413413413414 769.5362976180801 14917.675202112177
343 0.6423423423423423 754.7565795586994 14613.318137496512
344 0.6433433433433433 740.2781959681121 14315.583022385541
345 0.6443443443443444 726.0945954361088 14024.316314500513
346 0.6453453453453453 712.1993783459569 13739.368256056128
347 0.6463463463463464 698.5862931358135 13460.592774901726
348 0.6473473473473473 685.2492326577574 13187.847388391721
349 0.6483483483483483 672.1822306316836 12920.993109904684
350 0.6493493493493494 659.3794581914907 12659.894357934936
351 0.6503503503503503 646.835220521025 12404.418867682129
352 0.6513513513513514 634.543953577265 12154.43760506553
353 0.6523523523523523 622.5002208984489 11909.824683094674
354 0.6533533533533533 610.6987104947088 11670.457280526283
355 0.6543543543543544 599.134231819048 11436.215562743337
356 0.6553553553553553 587.8017128164289 11206.982604791543
357 0.6563563563563564 576.6961970488238 10982.644316510856
358 0.6573573573573573 565.8128408942255 10763.089369703242
359 0.6583583583583583 555.1469108175255 10548.20912727668
360 0.6593593593593594 544.6937807113886 10337.897574310402
361 0.6603603603603603 534.4489293051756 10132.051250985576
362 0.6613613613613614 524.4079376400815 9930.569187328229
363 0.6623623623623623 514.5664866087446 9733.352839713845
364 0.6633633633633633 504.9203545575135 9540.30602908194
365 0.6643643643643644 495.4654149497529 9351.334880813494
366 0.6653653653653653 486.1976340885125 9166.34776622338
367 0.6663663663663664 477.11306889696243 8985.255245622044
368 0.6673673673673673 468.2078647550787 8807.970012902708
369 0.6683683683683683 459.47825339103105 8634.406841610195
370 0.6693693693693694 450.9205508258393 8464.482532450229
371 0.6703703703703703 442.5311553698757 8298.115862198596
372 0.6713713713713714 434.3065456698093 8135.227533970466
373 0.6723723723723724 426.2432788046865 7975.740128812359
374 0.6733733733733733 418.33798842980093 7819.578058578948
375 0.6743743743743744 410.5873829671204 7666.667520059449
376 0.6753753753753753 402.9882438410194 7516.9364503183
377 0.6763763763763764 395.53742375811044 7370.314483216145
378 0.6773773773773774 388.2318450300438 7226.732907078934
379 0.6783783783783783 381.06849793809687 7086.124623482248
380 0.6793793793793794 374.0444391384865 6948.424107120649
381 0.6803803803803803 367.15679010732214 6813.567366731653
382 0.6813813813813814 360.4027356241502 6681.491907045047
383 0.6823823823823824 353.779522293102 6552.136691729587
384 0.6833833833833833 347.2844571006212 6425.4421073088615
385 0.6843843843843844 340.91490600885925 6301.349928020419
386 0.6853853853853853 334.668292583778 6179.803281591619
387 0.6863863863863864 328.54209665704997 6060.74661590697
388 0.6873873873873874 322.5338530209155 5944.125666543179
389 0.6883883883883883 316.6411501550859 5829.887425147127
390 0.6893893893893894 310.86162898490335 5717.9801086345005
391 0.6903903903903903 305.1929816699321 5608.353129186367
392 0.6913913913913914 299.6329504221791 5500.957065021641
393 0.6923923923923924 294.17932635321245 5395.743631924973
394 0.6933933933933933 288.8299483493934 5292.665655508718
395 0.6943943943943944 283.5827019745215 5191.677044189566
396 0.6953953953953953 278.4355183991869 5092.732762860378
397 0.6963963963963964 273.3863733561222 4995.788807238019
398 0.6973973973973974 268.43328612091886 4900.802178869497
399 0.6983983983983983 263.5743185174266 4807.730860778009
400 0.6993993993993994 258.80757394722406 4716.533793732048
401 0.7004004004004003 254.1311964425432 4627.17085312069
402 0.7014014014014014 249.54336974203102 4539.602826418441
403 0.7024024024024024 245.0423163888012 4453.791391224466
404 0.7034034034034033 240.62629685016728 4369.699093859968
405 0.7044044044044044 236.29360865854008 4287.28932850947
406 0.7054054054054054 232.04258557293403 4206.526316891014
407 0.7064064064064064 227.87159676056314 4127.3750884413
408 0.7074074074074074 223.77904599802346 4049.801461002042
409 0.7084084084084084 219.76337089155973 3973.772021994092
410 0.7094094094094094 215.8230421159405 3899.2541100664703
411 0.7104104104104104 211.9565626714708 3826.215797207609
412 0.7114114114114114 208.16246715868044 3754.6258713064935
413 0.7124124124124124 204.43932107025526 3684.453819151955
414 0.7134134134134134 200.78572009976554 3615.6698098582997
415 0.7144144144144144 197.2002894667808 3548.2446787061945
416 0.7154154154154154 193.6816832579555 3482.149911387757
417 0.7164164164164164 190.22858378368605 3417.35762864518
418 0.7174174174174174 186.83970094995425 3353.8405712926165
419 0.7184184184184184 183.51377164497404 3291.5720856111707
420 0.7194194194194194 180.24955914027709 3230.5261091072593
421 0.7204204204204204 177.04585250587692 3170.6771566248262
422 0.7214214214214214 173.90146603915738 3112.000306802032
423 0.7224224224224224 170.81523870715358 3054.4711888635866
424 0.7234234234234234 167.7860336018894 2998.0659697398937
425 0.7244244244244245 164.81273740844406 2942.761341504377
426 0.7254254254254254 161.89425988544528 2888.534509120942
427 0.7264264264264264 159.02953335766884 2835.363178493263
428 0.7274274274274274 156.21751222045626 2783.2255448082265
429 0.7284284284284284 153.45717245565618 2732.1002811658377
430 0.7294294294294295 150.7475111588075 2681.9665274882063
431 0.7304304304304304 148.08754607728713 2632.803879700364
432 0.7314314314314314 145.47631515915415 2584.5923791758896
433 0.7324324324324325 142.9128761124305 2537.312502440562
434 0.7334334334334334 140.39630597456213 2490.9451511273764
435 0.7344344344344345 137.92570069180906 2445.471642176383
436 0.7354354354354354 135.5001747083314 2400.873698273249
437 0.7364364364364364 133.1188605647221 2357.133438520157
438 0.7374374374374375 130.78090850577055 2314.233369333359
439 0.7384384384384384 128.4854860972247 2272.1563755614065
440 0.7394394394394395 126.23177785133143 2230.8857118184196
441 0.7404404404404404 124.01898486095658 2190.404994027129
442 0.7414414414414414 121.84632444205789 2150.6981911659987
443 0.7424424424424425 119.71302978432337 2111.749617215519
444 0.7434434434434434 117.61834960977716 2073.5439232985505
445 0.7444444444444445 115.56154783914923 2036.0660900096216
446 0.7454454454454454 113.54190326584067 1999.30141992868
447 0.7464464464464464 111.55870923728492 1963.2355303143615
448 0.7474474474474475 109.61127334353858 1927.8543459724056
449 0.7484484484484484 107.69891711292524 1893.1440922947497
450 0.7494494494494495 105.82097571456127 1859.0912884649529
451 0.7504504504504504 103.97679766760487 1825.682740825864
452 0.7514514514514514 102.16574455706086 1792.9055364053243
453 0.7524524524524525 100.3871907559917 1760.7470365960658
454 0.7534534534534534 98.64052315397893 1729.1948709858639
455 0.7544544544544545 96.92514089168377 1698.2369313341387
456 0.7554554554554554 95.24045510137198 1667.8613656915236
457 0.7564564564564564 93.58588865324728 1638.0565726585635
458 0.7574574574574575 91.96087590746991 1608.8111957803294
459 0.7584584584584584 90.36486247171591 1580.1141180733832
460 0.7594594594594595 88.79730496415128 1551.9544566818859
461 0.7604604604604605 87.25767078169244 1524.321557659624
462 0.7614614614614614 85.74543787342701 1497.2049908748083
463 0.7624624624624625 84.26009451907596 1470.5945450346367
464 0.7634634634634634 82.80113911237736 1444.4802228266337
465 0.7644644644644645 81.36807994927428 1418.8522361738524
466 0.7654654654654655 79.96043502080086 1393.7010016012332
467 0.7664664664664664 78.57773181054657 1369.017135710204
468 0.7674674674674675 77.21950709660211 1344.7914507590467
469 0.7684684684684684 75.88530675787536 1321.0149503462942
470 0.7694694694694695 74.5746855846771 1297.6788251946637
471 0.7704704704704705 73.28720709348019 1274.7744490331127
472 0.7714714714714714 72.02244334574932 1252.2933745745024
473 0.7724724724724725 70.7799747707537 1230.2273295866648
474 0.7734734734734734 69.55938999226476 1208.5682130544774
475 0.7744744744744745 68.36028565905028 1187.3080914307604
476 0.7754754754754755 67.1822662790812 1166.4391949738979
477 0.7764764764764764 66.02494405735786 1145.953914169937
478 0.7774774774774775 64.88793873727907 1125.8447962372416
479 0.7784784784784784 63.77087744546888 1106.1045417116234
480 0.7794794794794795 62.673394539980706 1086.7260011099945
481 0.7804804804804805 61.59513146180574 1067.702171670714
482 0.7814814814814814 60.535736589603424 1049.0261941686626
483 0.7824824824824825 59.49486509758493 1030.691349803324
484 0.7834834834834834 58.47217881647705 1012.6910571581091
485 0.7844844844844845 57.46734609749108 995.018869229109
486 0.7854854854854855 56.480041679237196 977.6684705217757
487 0.7864864864864864 55.509946557506716 960.6336742137106
488 0.7874874874874875 54.55674785786485 943.9084193821111
489 0.7884884884884884 53.6201387109873 927.4867682942828
490 0.7894894894894895 52.69981813067533 911.3629037596488
491 0.7904904904904905 51.795490894494996 895.5311265419009
492 0.7914914914914915 50.906867426974216 879.98585282974
493 0.7924924924924925 50.03366368530526 864.7216117648953
494 0.7934934934934934 49.17560104749159 849.7330430259906
495 0.7944944944944945 48.33240620288718 835.0148944669761
496 0.7954954954954955 47.50381104507272 820.5620198088121
497 0.7964964964964965 46.68955256701621 806.3693763831303
498 0.7974974974974975 45.889372758466095 792.4320229266448
499 0.7984984984984984 45.10301850552908 778.7451174251393
500 0.7994994994994995 44.330241492378775 765.3039150057863
501 0.8005005005005006 43.5707981050541 752.1037658767625
502 0.8015015015015015 42.82444933729399 739.1401133129344
503 0.8025025025025025 42.09096069836645 726.4084916865907
504 0.8035035035035034 41.37010212284884 713.9045245421821
505 0.8045045045045045 40.66164788231008 701.6239227139391
506 0.8055055055055056 39.96537649885966 689.562482485482
507 0.8065065065065065 39.281070660516086 677.7160837903417
508 0.8075075075075075 38.60851713835682 666.0806884524729
509 0.8085085085085084 37.94750670541107 654.6523384658428
510 0.8095095095095095 37.29783405725357 643.4271543121232
511 0.8105105105105106 36.659297734265685 632.4013333156719
512 0.8115115115115115 36.03170004552371 621.5711480348702
513 0.8125125125125126 35.41484699427901 610.9329446889881
514 0.8135135135135134 34.80854820499753 600.4831416197921
515 0.8145145145145145 34.212616851919854 590.2182277870141
516 0.8155155155155156 33.62686958911227 580.1347612969628
517 0.8165165165165165 33.05112648197375 570.2293679634706
518 0.8175175175175176 32.48521094016753 560.498739900439
519 0.8185185185185184 31.928949651946628 550.9396341452629
520 0.8195195195195195 31.38217251984106 541.54887131239
521 0.8205205205205206 30.8447125976793 532.3233342763635
522 0.8215215215215215 30.316406028913075 523.2599668836353
523 0.8225225225225226 29.7970919862165 514.3557726924835
524 0.8235235235235234 29.28661261233483 505.6078137404375
525 0.8245245245245245 28.784812962151438 497.0132093385085
526 0.8255255255255256 28.291540945950047 488.56913489167283
527 0.8265265265265265 27.806647273844316 480.2728207449734
528 0.8275275275275276 27.329985401349038 472.1215510546459
529 0.8285285285285284 26.861411476071023 464.1126626837471
530 0.8295295295295295 26.40078428549128 456.2435441216566
531 0.8305305305305306 25.94796520581862 448.51163442696895
532 0.8315315315315315 25.502818151889226 440.9144221932072
533 0.8325325325325326 25.06520952809012 433.4494445368466
534 0.8335335335335334 24.635008180285762 426.1142861071629
535 0.8345345345345345 24.212085348723345 418.90657811736475
536 0.8355355355355356 23.796314621899388 411.82399739658706
537 0.8365365365365365 23.387571891363734 404.8642654622198
538 0.8375375375375376 22.985735307442265 398.0251476121378
539 0.8385385385385384 22.590685235859443 391.3044520363921
540 0.8395395395395395 22.202304215239003 384.70002894788945
541 0.8405405405405406 21.820476915467292 378.2097697316791
542 0.8415415415415415 21.445090096897484 371.8316061123812
543 0.8425425425425426 21.076032570378967 365.5635093393795
544 0.8435435435435434 20.71319515809392 359.4034893893756
545 0.8445445445445445 20.356470655182644 353.34959418589574
546 0.8455455455455456 20.00575379214327 347.3999088354088
547 0.8465465465465465 19.660941197986457 341.5525548796346
548 0.8475475475475476 19.321931364131416 335.8056895637222
549 0.8485485485485484 18.988624609026928 330.1575051199308
550 0.8495495495495495 18.66092304348081 324.6062280664495
551 0.8505505505505506 18.33873053668481 319.15011852105147
552 0.8515515515515515 18.02195268291884 313.7874695292279
553 0.8525525525525526 17.71049676892031 308.51660640648345
554 0.8535535535535534 17.40427174190568 303.33588609449583
555 0.8545545545545545 17.10318817822871 298.2436965308037
556 0.8555555555555556 16.80715825266403 293.23845603175687
557 0.8565565565565565 16.51609570830098 288.3186126884023
558 0.8575575575575576 16.229915827036084 283.48264377504097
559 0.8585585585585584 15.948535400651904 278.72905517018035
560 0.8595595595595595 15.671872702468425 274.0563807895825
561 0.8605605605605606 15.399847459556844 269.4631820311728
562 0.8615615615615615 15.132380825502908 264.9480472315303
563 0.8625625625625626 14.869395353708303 260.5095911337037
564 0.8635635635635635 14.610814971219742 256.1464543661195
565 0.8645645645645645 14.356564953073866 251.85730293232456
566 0.8655655655655656 14.106571897147655 247.64082771133167
567 0.8665665665665665 13.860763699503956 243.49574396833924
568 0.8675675675675676 13.619069530221063 239.42079087558477
569 0.8685685685685685 13.38141980969817 235.41473104314156
570 0.8695695695695695 13.147746185424078 231.4763500593964
571 0.8705705705705706 12.91798150920245 227.60445604104558
572 0.8715715715715715 12.692059814822104 223.79787919236594
573 0.8725725725725726 12.469916296163978 220.05547137357536
574 0.8735735735735735 12.251487285736085 216.37610567808917
575 0.8745745745745745 12.036710233626772 212.75867601846556
576 0.8755755755755756 11.825523686868655 209.20209672086804
577 0.8765765765765765 11.617867269203842 205.7053021278453
578 0.8775775775775776 11.41368166124301 202.26724620926183
579 0.8785785785785785 11.212908581010005 198.88690218119845
580 0.8795795795795796 11.015490764863387 195.56326213264097
581 0.8805805805805806 10.821371948788865 192.29533665981597
582 0.8815815815815815 10.630496850053028 189.08215450797533
583 0.8825825825825826 10.442811149212469 185.92276222049497
584 0.8835835835835835 10.258261472470629 182.81622379512288
585 0.8845845845845846 10.076795374374774 179.76162034721528
586 0.8855855855855856 9.898361320847286 176.75804977982898
587 0.8865865865865865 9.72290867254335 173.80462646050546
588 0.8875875875875876 9.550387668528808 170.9004809046096
589 0.8885885885885885 9.380749410272308 168.04475946509353
590 0.8895895895895896 9.213945845944334 165.23662402853128
591 0.8905905905905906 9.049929755017562 162.47525171730234
592 0.8915915915915915 8.888654733162577 159.75983459779349
593 0.8925925925925926 8.730075177432088 157.08957939447856
594 0.8935935935935935 8.57414627172935 154.46370720977419
595 0.8945945945945946 8.420823972553222 151.88145324952075
596 0.8955955955955957 8.270064995016103 149.3420665539977
597 0.8965965965965965 8.121826799127764 146.8448097343322
598 0.8975975975975976 7.976067576340673 144.38895871420203
599 0.8985985985985985 7.832746236351374 141.97380247671913
600 0.8995995995995996 7.691822394152314 139.59864281637425
601 0.9006006006006007 7.553256357329942 137.26279409595293
602 0.9016016016016015 7.41700911360335 134.96558300830196
603 0.9026026026026026 7.283042318599082 132.70634834285386
604 0.9036036036036035 7.151318283857479 130.48444075680897
605 0.9046046046046046 7.021799965065475 128.29922255087143
606 0.9056056056056057 6.894450950512059 126.15006744945397
607 0.9066066066066065 6.7692354497610525 124.0363603852434
608 0.9076076076076076 6.646118282537797 121.95749728805141
609 0.9086086086086087 6.525064867824973 119.91288487785116
610 0.9096096096096096 6.40604121316341 117.90194046191317
611 0.9106106106106107 6.289013904154059 115.92409173595885
612 0.9116116116116115 6.173950094157201 113.97877658924851
613 0.9126126126126126 6.060817494184338 112.06544291351186
614 0.9136136136136137 5.94958436298004 110.1835484156581
615 0.9146146146146146 5.84021949728902 108.3325604341723
616 0.9156156156156157 5.73269222230526 106.51195575912743
617 0.9166166166166165 5.626972382299689 104.7212204557411
618 0.9176176176176176 5.523030331422462 102.9598496913938
619 0.9186186186186187 5.4208369246769905 101.22734756604893
620 0.9196196196196196 5.3203635090618295 99.52322694599414
621 0.9206206206206207 5.221581914877381 97.84700930084036
622 0.9216216216216215 5.124464447194359 96.19822454371435
623 0.9226226226226226 5.028983877480274 94.57641087456913
624 0.9236236236236237 4.935113435381694 92.98111462656212
625 0.9246246246246246 4.842826800658432 91.41189011542505
626 0.9256256256256257 4.752098095267026 89.86829949176953
627 0.9266266266266265 4.66290187559097 88.34991259627373
628 0.9276276276276276 4.575213124814039 86.85630681767879
629 0.9286286286286287 4.489007245434745 85.38706695355029
630 0.9296296296296296 4.404260051918595 83.94178507373891
631 0.9306306306306307 4.3209477634856635 82.52006038648835
632 0.9316316316316315 4.239046997031188 81.12149910714177
633 0.9326326326326326 4.158534760175899 79.74571432938203
634 0.9336336336336337 4.079388444444349 78.39232589896761
635 0.9346346346346346 4.0015858185682 77.06096028990308
636 0.9356356356356357 3.925105021912266 75.7512504829988
637 0.9366366366366365 3.849924558021101 74.46283584677424
638 0.9376376376376376 3.7760232882834517 73.19536202065063
639 0.9386386386386387 3.7033804257126786 71.94848080039367
640 0.9396396396396396 3.631975528840619 70.72185002575527
641 0.9406406406406407 3.561788495722859 69.51513347027264
642 0.9416416416416415 3.4927995580533686 68.32800073318259
643 0.9426426426426426 3.4249892753861175 67.16012713340385
644 0.9436436436436437 3.358338529461916 66.01119360555
645 0.9446446446446446 3.292828518638344 64.88088659793144
646 0.9456456456456457 3.2284407524206715 63.768897972502394
647 0.9466466466466466 3.165157046092231 62.67492490672238
648 0.9476476476476476 3.102959515441743 61.598669797282156
649 0.9486486486486487 3.04183057158645 60.53984016566943
650 0.9496496496496496 2.9817529158886016 59.498148565526556
651 0.9506506506506507 2.9227095349638876 58.47331249177061
652 0.9516516516516516 2.8646836957800845 57.465054291441135
653 0.9526526526526526 2.807658940843833 56.47310107623431
654 0.9536536536536537 2.751619083474459 55.497184636700496
655 0.9546546546546546 2.696548203162589 54.53704135806117
656 0.9556556556556557 2.642430641012373 53.592412137620535
657 0.9566566566566566 2.5892509952656217 52.66304230373821
658 0.9576576576576576 2.5369941169061185 51.74868153632834
659 0.9586586586586587 2.4856451053430115 50.84908378886262
660 0.9596596596596596 2.435189304171315 49.96400721183859
661 0.9606606606606607 2.3856122970083584 49.09321407768936
662 0.9616616616616616 2.336899903404822 48.236470707107976
663 0.9626626626626626 2.2890381748286073 47.393547396751316
664 0.9636636636636637 2.2420133907206052 46.5642183483051
665 0.9646646646646646 2.1958120546206414 45.748261598875345
666 0.9656656656656657 2.150420890362531 44.94545895268565
667 0.9666666666666666 2.105826838336851 44.1555959140521
668 0.9676676676676677 2.0620170518201455 43.378461621610754
669 0.9686686686686687 2.0189788933694146 42.61384878377447
670 0.9696696696696696 1.9766999312805167 41.86155361539258
671 0.9706706706706707 1.9351679361094316 41.12137577559211
672 0.9716716716716716 1.8943708772552323 40.393118306777716
673 0.9726726726726727 1.8542969196033798 39.67658757476356
674 0.9736736736736737 1.8149344202285471 38.971593210020856
675 0.9746746746746746 1.776271925155645 38.27794805001527
676 0.9756756756756757 1.7382981661779873 37.595468082613245
677 0.9766766766766766 1.7010020577316682 36.923972390538914
678 0.9776776776776777 1.6643726938249497 36.263283096858174
679 0.9786786786786787 1.6283993450217418 35.61322531147158
680 0.9796796796796796 1.5930714554781806 34.97362707859704
681 0.9806806806806807 1.5583786400311963 34.3443193252202
682 0.9816816816816816 1.524310681338302 33.725135810497754
683 0.9826826826826827 1.4908575270675035 33.11591307609203
684 0.9836836836836838 1.4580092871365053 32.516490397420654
685 0.9846846846846846 1.4257562310002347 31.92670973580274
686 0.9856856856856857 1.3940887849857964 31.346415691483372
687 0.9866866866866866 1.3629975296741277 30.77545545752333
688 0.9876876876876877 1.33247319732725 30.213678774531445
689 0.9886886886886888 1.3025066693605076 29.66093788622869
690 0.9896896896896896 1.2730889738588695 29.11708749582533
691 0.9906906906906907 1.2442112831364298 28.58198472319504
692 0.9916916916916916 1.2158649113384685 28.055489062833058
693 0.9926926926926927 1.1880413120851498 27.537462342580767
694 0.9936936936936938 1.1607320761562274 27.027768683104608
695 0.9946946946946946 1.133928929215842 26.526274458111498
696 0.9956956956956957 1.107623729576872 26.032848255290244
697 0.9966966966966966 1.0818084660039737 25.5473608379628
698 0.9976976976976977 1.0564752555546715 25.069685107432278
699 0.9986986986986988 1.0316163414577968 24.599696066015035
700 0.9996996996996996 1.0072240910286094 24.137270780743304
701 1.0007007007007007 0.9832909936198783 23.682288347725187
702 1.0017017017017016 0.9598096586083679 23.234629857150594
703 1.0027027027027027 0.9367728134159897 22.794178358929724
704 1.0037037037037038 0.9141733015650774 22.36081882895316
705 1.0047047047047046 0.8920040807671082 21.934438135960853
706 1.0057057057057057 0.8702582210442708 21.514925009008465
707 1.0067067067067066 0.8489289028833539 21.102170005521145
708 1.0077077077077077 0.8280094154212662 20.696065479921355
709 1.0087087087087088 0.8074931546617382 20.296505552822495
710 1.0097097097097096 0.7873736217225319 19.903386080775128
711 1.0107107107107107 0.7676444211126637 19.51660462655676
712 1.0117117117117116 0.7482992590391643 19.136060429995833
713 1.0127127127127127 0.7293319417426779 18.76165437931686
714 1.0137137137137138 0.7107363738615892 18.39328898300071
715 1.0147147147147146 0.692506556823998 18.030868342147222
716 1.0157157157157157 0.6746365872671204 17.674298123332058
717 1.0167167167167166 0.6571206554836558 17.32348553194922
718 1.0177177177177177 0.6399530438945505 16.978339286028294
719 1.0187187187187188 0.6231281255477646 16.638769590519363
720 1.0197197197197196 0.6066403626425491 16.30468811203569
721 1.0207207207207207 0.5904843050787544 15.976007954045734
722 1.0217217217217216 0.5746545890307916 15.65264363250703
723 1.0227227227227227 0.5591459355457201 15.33451105193219
724 1.0237237237237238 0.5439531491651276 15.021527481880561
725 1.0247247247247246 0.5290711165702958 14.713611533866313
726 1.0257257257257257 0.514494805250283 14.410683138675694
727 1.0267267267267266 0.500219262192534 14.112663524086564
728 1.0277277277277277 0.48623961259555604 13.819475192981038
729 1.0287287287287288 0.47255105860335134 13.531041901846095
730 1.0297297297297296 0.45914887806114735 13.247288639652911
731 1.0307307307307307 0.4460284232920878 12.968141607109168
732 1.0317317317317316 0.43318511989453923 12.693528196277569
733 1.0327327327327327 0.4206144655595617 12.423376970552265
734 1.0337337337337338 0.4083120289083061 12.157617644988846
735 1.0347347347347347 0.3962734483488922 11.896181066979388
736 1.0357357357357357 0.38449443095245617 11.638999197266934
737 1.0367367367367368 0.37297075134806834 11.386005091293882
738 1.0377377377377377 0.3616982506361267 11.137132880876834
739 1.0387387387387388 0.35067283531993587 10.892317756202537
740 1.0397397397397397 0.3398904762551741 10.651495948139612
741 1.0407407407407407 0.3293472076168734 10.414604710858757
742 1.0417417417417418 0.3190391258836832 10.181582304757644
743 1.0427427427427427 0.3089623888390479 9.952367979683189
744 1.0437437437437438 0.29911321458904017 9.726901958446913
745 1.0447447447447447 0.28948788059656005 9.505125420627646
746 1.0457457457457457 0.2800827227315913 9.286980486656116
747 1.0467467467467468 0.27089413433726517 9.072410202176805
748 1.0477477477477477 0.2619185653114321 8.861358522681535
749 1.0487487487487488 0.25315252120347076 8.653770298409682
750 1.0497497497497497 0.2445925623261168 8.449591259511326
751 1.0507507507507508 0.23623530288196426 8.24876800146668
752 1.0517517517517518 0.22807741010448102 8.051247970759047
753 1.0527527527527527 0.22011560341320913 7.856979450795279
754 1.0537537537537538 0.2123466535829498 7.665911548069921
755 1.0547547547547547 0.2047673819266872 7.477994178568807
756 1.0557557557557558 0.1973746594919753 7.293178054406873
757 1.0567567567567568 0.19016540627062162 7.111414670697165
758 1.0577577577577577 0.18313659042137298 6.932656292645831
759 1.0587587587587588 0.17628522750541686 6.756855942869464
760 1.0597597597597597 0.1696083797344753 6.5839673889309935
761 1.0607607607607608 0.16310315523125574 6.413945131089578
762 1.0617617617617618 0.15676670730206788 6.246744390261323
763 1.0627627627627627 0.15059623372138498 6.0823210961865275
764 1.0637637637637638 0.1445889760281439 5.920631875799845
765 1.0647647647647647 0.13874221883359705 5.7616340418001375
766 1.0657657657657658 0.13305328914048953 5.605285581415567
767 1.0667667667667668 0.12751955567341222 5.451545145361582
768 1.0677677677677677 0.12213842822008647 5.300372036987099
769 1.0687687687687688 0.11690735698343324 5.151726201606456
770 1.0697697697697697 0.11182383194423673 5.005568216013565
771 1.0707707707707708 0.1068853822341943 4.861859278174503
772 1.0717717717717719 0.10208957551922004 4.720561197096341
773 1.0727727727727727 0.09743401739278068 4.581636382867956
774 1.0737737737737738 0.09291635077913007 4.4450478368706
775 1.0747747747747747 0.08853425534625659 4.310759142154932
776 1.0757757757757758 0.0842854469283768 4.178734453981328
777 1.0767767767767769 0.08016767695782001 4.048938490520893
778 1.0777777777777777 0.07617873190614743 3.9213365237142526
779 1.0787787787787788 0.07231643273433097 3.795894370284941
780 1.0797797797797797 0.06857863435186518 3.6725783829054386
781 1.0807807807807808 0.06496322508463825 3.5513554415122073
782 1.0817817817817819 0.06146812615142683 3.432192944767916
783 1.0827827827827827 0.05809129114886391 3.31505880166765
784 1.0837837837837838 0.05483070554473357 3.199921423286847
785 1.0847847847847847 0.0516843861794668 3.0867497146686063
786 1.0857857857857858 0.04865038077567452 2.9755130668473164
787 1.0867867867867869 0.045726767455614215 2.8661813490070447
788 1.0877877877877877 0.042911654266425736 2.758724900771565
789 1.0887887887887888 0.04020317871302603 2.653114524624014
790 1.0897897897897897 0.037599507298529455 2.5493214784540914
791 1.0907907907907908 0.03509883507205991 2.447317468230116
792 1.0917917917917919 0.0326993851838443 2.3470746407942364
793 1.0927927927927927 0.030399408447449372 2.2485655767781303
794 1.0937937937937938 0.028197182909054708 2.1517632836375
795 1.0947947947947947 0.026091013423640175 2.0566411888031304
796 1.0957957957957958 0.024079231237968846 1.9631731329463165
797 1.0967967967967969 0.02216019358025989 1.8713333633570546
798 1.0977977977977977 0.02033228325642622 1.7810965274324957
799 1.0987987987987988 0.018593908252783176 1.6924376662741434
800 1.0997997997997997 0.01694350134511058 1.6053322083919195
801 1.1008008008008008 0.015379519713960677 1.5197559635127345
802 1.1018018018018019 0.013900444566120496 1.435685116492552
803 1.1028028028028027 0.01250478076210737 1.3530962213292828
804 1.1038038038038038 0.011191056449614378 1.271966195275363
805 1.1048048048048047 0.009957822702797325 1.1922723130481305
806 1.1058058058058058 0.008803653167310244 1.113992201136094
807 1.1068068068068069 0.007727143710993034 1.0371038321997652
808 1.1078078078078077 0.0067269120801146665 0.9615855195651815
809 1.1088088088088088 0.005801597561086003 0.8874159118084677
810 1.1098098098098097 0.004949860647546767 0.814573987430208
811 1.1108108108108108 0.004170382712738729 0.7430390496175932
812 1.1118118118118119 0.0034618656870818443 0.6727907210933086
813 1.1128128128128127 0.002823031740859183 0.6038089390492463
814 1.1138138138138138 0.0022526229719331825 0.5360739501638072
815 1.1148148148148147 0.001749401098411929 0.4695663057014574
816 1.1158158158158158 0.001312147156174448 0.4042668566927148
817 1.1168168168168169 0.0009396612011852712 0.3401567491937101
818 1.1178178178178177 0.0006307620165130201 0.27721741962353974
819 1.1188188188188188 0.0003842868239779529 0.21543059017815835
820 1.1198198198198197 0.00019909100035386817 0.15477826431980368
821 1.1208208208208208 7.404779804665029e-05 0.09524272234013331
822 1.1218218218218219 8.048070177735234e-06 0.03680651699632875
823 1.1228228228228228 0.0 0.0
824 1.1238238238238238 0.0 0.0
825 1.1248248248248247 0.0 0.0
826 1.1258258258258258 0.0 0.0
827 1.1268268268268269 0.0 0.0
828 1.1278278278278278 0.0 0.0
829 1.1288288288288288 0.0 0.0
830 1.1298298298298297 0.0 0.0
831 1.1308308308308308 0.0 0.0
832 1.131831831831832 0.0 0.0
833 1.1328328328328328 0.0 0.0
834 1.1338338338338338 0.0 0.0
835 1.1348348348348347 0.0 0.0
836 1.1358358358358358 0.0 0.0
837 1.136836836836837 0.0 0.0
838 1.1378378378378378 0.0 0.0
839 1.1388388388388389 0.0 0.0
840 1.1398398398398397 0.0 0.0
841 1.1408408408408408 0.0 0.0
842 1.141841841841842 0.0 0.0
843 1.1428428428428428 0.0 0.0
844 1.1438438438438439 0.0 0.0
845 1.1448448448448447 0.0 0.0
846 1.1458458458458458 0.0 0.0
847 1.146846846846847 0.0 0.0
848 1.1478478478478478 0.0 0.0
849 1.1488488488488489 0.0 0.0
850 1.1498498498498497 0.0 0.0
851 1.1508508508508508 0.0 0.0
852 1.151851851851852 0.0 0.0
853 1.1528528528528528 0.0 0.0
854 1.1538538538538539 0.0 0.0
855 1.1548548548548547 0.0 0.0
856 1.1558558558558558 0.0 0.0
857 1.156856856856857 0.0 0.0
858 1.1578578578578578 0.0 0.0
859 1.1588588588588589 0.0 0.0
860 1.1598598598598597 0.0 0.0
861 1.1608608608608608 0.0 0.0
862 1.161861861861862 0.0 0.0
863 1.1628628628628628 0.0 0.0
864 1.1638638638638639 0.0 0.0
865 1.164864864864865 0.0 0.0
866 1.1658658658658658 0.0 0.0
867 1.166866866866867 0.0 0.0
868 1.1678678678678678 0.0 0.0
869 1.1688688688688689 0.0 0.0
870 1.16986986986987 0.0 0.0
871 1.1708708708708708 0.0 0.0
872 1.171871871871872 0.0 0.0
873 1.1728728728728728 0.0 0.0
874 1.1738738738738739 0.0 0.0
875 1.174874874874875 0.0 0.0
876 1.1758758758758758 0.0 0.0
877 1.176876876876877 0.0 0.0
878 1.1778778778778778 0.0 0.0
879 1.1788788788788789 0.0 0.0
880 1.17987987987988 0.0 0.0
881 1.1808808808808808 0.0 0.0
882 1.181881881881882 0.0 0.0
883 1.1828828828828828 0.0 0.0
884 1.1838838838838839 0.0 0.0
885 1.184884884884885 0.0 0.0
886 1.1858858858858858 0.0 0.0
887 1.186886886886887 0.0 0.0
888 1.1878878878878878 0.0 0.0
889 1.1888888888888889 0.0 0.0
890 1.18988988988989 0.0 0.0
891 1.1908908908908908 0.0 0.0
892 1.191891891891892 0.0 0.0
893 1.1928928928928928 0.0 0.0
894 1.1938938938938939 0.0 0.0
895 1.194894894894895 0.0 0.0
896 1.1958958958958958 0.0 0.0
897 1.196896896896897 0.0 0.0
898 1.1978978978978978 0.0 0.0
899 1.198898898898899 0.0 0.0
900 1.1998998998999 0.0 0.0
901 1.2009009009009008 0.0 0.0
902 1.201901901901902 0.0 0.0
903 1.2029029029029028 0.0 0.0
904 1.203903903903904 0.0 0.0
905 1.204904904904905 0.0 0.0
906 1.2059059059059059 0.0 0.0
907 1.206906906906907 0.0 0.0
908 1.2079079079079078 0.0 0.0
909 1.208908908908909 0.0 0.0
910 1.20990990990991 0.0 0.0
911 1.2109109109109109 0.0 0.0
912 1.211911911911912 0.0 0.0
913 1.2129129129129128 0.0 0.0
914 1.213913913913914 0.0 0.0
915 1.214914914914915 0.0 0.0
916 1.2159159159159159 0.0 0.0
917 1.216916916916917 0.0 0.0
918 1.2179179179179178 0.0 0.0
919 1.218918918918919 0.0 0.0
920 1.21991991991992 0.0 0.0
921 1.2209209209209209 0.0 0.0
922 1.221921921921922 0.0 0.0
923 1.2229229229229228 0.0 0.0
924 1.223923923923924 0.0 0.0
925 1.224924924924925 0.0 0.0
926 1.2259259259259259 0.0 0.0
927 1.226926926926927 0.0 0.0
928 1.2279279279279278 0.0 0.0
929 1.228928928928929 0.0 0.0
930 1.22992992992993 0.0 0.0
931 1.2309309309309309 0.0 0.0
932 1.231931931931932 0.0 0.0
933 1.2329329329329328 0.0 0.0
934 1.233933933933934 0.0 0.0
935 1.234934934934935 0.0 0.0
936 1.2359359359359359 0.0 0.0
937 1.236936936936937 0.0 0.0
938 1.2379379379379378 0.0 0.0
939 1.238938938938939 0.0 0.0
940 1.23993993993994 0.0 0.0
941 1.2409409409409409 0.0 0.0
942 1.241941941941942 0.0 0.0
943 1.2429429429429428 0.0 0.0
944 1.243943943943944 0.0 0.0
945 1.244944944944945 0.0 0.0
946 1.2459459459459459 0.0 0.0
947 1.246946946946947 0.0 0.0
948 1.2479479479479478 0.0 0.0
949 1.248948948948949 0.0 0.0
950 1.24994994994995 0.0 0.0
951 1.2509509509509509 0.0 0.0
952 1.251951951951952 0.0 0.0
953 1.2529529529529528 0.0 0.0
954 1.253953953953954 0.0 0.0
955 1.254954954954955 0.0 0.0
956 1.2559559559559559 0.0 0.0
957 1.256956956956957 0.0 0.0
958 1.2579579579579578 0.0 0.0
959 1.258958958958959 0.0 0.0
960 1.25995995995996 0.0 0.0
961 1.2609609609609609 0.0 0.0
962 1.261961961961962 0.0 0.0
963 1.2629629629629628 0.0 0.0
964 1.263963963963964 0.0 0.0
965 1.264964964964965 0.0 0.0
966 1.265965965965966 0.0 0.0
967 1.266966966966967 0.0 0.0
968 1.2679679679679678 0.0 0.0
969 1.268968968968969 0.0 0.0
970 1.26996996996997 0.0 0.0
971 1.270970970970971 0.0 0.0
972 1.271971971971972 0.0 0.0
973 1.2729729729729728 0.0 0.0
974 1.273973973973974 0.0 0.0
975 1.274974974974975 0.0 0.0
976 1.275975975975976 0.0 0.0
977 1.276976976976977 0.0 0.0
978 1.2779779779779779 0.0 0.0
979 1.278978978978979 0.0 0.0
980 1.27997997997998 0.0 0.0
981 1.280980980980981 0.0 0.0
982 1.281981981981982 0.0 0.0
983 1.2829829829829829 0.0 0.0
984 1.283983983983984 0.0 0.0
985 1.284984984984985 0.0 0.0
986 1.285985985985986 0.0 0.0
987 1.286986986986987 0.0 0.0
988 1.2879879879879879 0.0 0.0
989 1.288988988988989 0.0 0.0
990 1.28998998998999 0.0 0.0
991 1.290990990990991 0.0 0.0
992 1.291991991991992 0.0 0.0
993 1.292992992992993 0.0 0.0
994 1.293993993993994 0.0 0.0
995 1.294994994994995 0.0 0.0
996 1.295995995995996 0.0 0.0
997 1.296996996996997 0.0 0.0
998 1.297997997997998 0.0 0.0
999 1.298998998998999 0.0 0.0
1000 1.3 0.0 0.0
